1000000 1000
837278 905086
893778 245584
867013 721507
404988 868333
83337 402059
671928 647913
236337 291782
371017 985823
994432 204033
57366 511326
324515 673719
502847 462412
86277 47662
670884 65184
57761 573147
372699 656898
995367 239435
787052 337661
15184 165626
833118 394381
327348 692153
859439 441654
397650 657580
160250 158392
609654 341064
699070 868879
444109 428037
600357 361327
686930 99407
433177 276478
458333 377427
981105 392411
206168 463148
583675 898291
800519 783401
713538 69583
110487 713080
639303 88952
54052 757492
901056 302821
510183 582465
213798 843194
632447 906788
996863 233678
793014 819417
22283 638633
688103 711829
409307 477269
989252 885103
505944 447431
798603 473223
220688 449835
552011 994783
382403 172343
811444 185479
840906 681391
272006 351120
439136 397552
341161 733653
477532 779985
702051 681504
628356 563666
60447 743376
711865 151582
370378 780257
319615 229000
158113 712375
838307 405022
143319 233002
407973 325451
728106 881829
707012 338981
56465 358857
24275 487218
32697 939132
280012 757289
388069 392887
900132 81378
160809 862408
788255 841938
40742 589952
261676 407443
352349 952502
445924 687050
673619 717176
328303 875230
119504 719840
329792 592578
202729 694073
658583 581592
133492 39938
385832 485226
387831 316980
233842 53588
788232 949404
983140 68704
985197 322672
832914 668856
290317 298525
865200 971771
74167 249954
159583 7976
874343 617144
189660 134832
634670 291687
317214 135944
74480 610805
515063 175192
679800 715713
150691 896300
570724 428733
255720 902357
804477 997879
63599 274237
516262 729152
501835 271251
927183 217213
843204 936064
341706 714816
664670 442039
103184 960193
722896 979325
107375 805070
28750 307257
907653 56298
529167 178919
812186 332632
615639 83746
221794 89957
259778 97811
118667 281143
653801 392201
107519 608010
103655 279172
574385 77684
29052 514878
27858 86682
895772 368479
486955 465358
113997 107331
416993 240706
911903 376001
606289 198762
445478 240579
372669 239355
466069 983216
327793 678997
999811 54856
765699 782672
721922 322818
677306 156588
729907 469674
94799 620682
820923 221689
895785 98552
109635 575178
571496 346539
852592 573991
924144 381802
773575 40559
806477 387351
903552 90472
827710 18249
716677 991191
591004 988408
911213 971785
955556 139411
178034 948998
174940 683546
88163 710055
396438 520449
869934 527544
55664 964845
191193 561937
239804 129218
855383 363840
974514 383015
695763 332129
471972 973005
294818 699359
361115 941065
479667 9701
261892 639438
493002 731494
746365 135616
136584 832917
954970 426881
471079 274695
600094 573220
583531 191399
597987 606880
533874 423028
483375 768479
373303 507849
566819 987321
715205 292150
781280 825146
901108 163530
471357 429184
627260 206715
955565 940499
770432 401070
252371 388067
268136 589298
906064 352127
995446 70721
175584 241998
66285 321629
622345 849812
982205 797420
52237 127244
576742 509204
436736 111576
676364 389754
626642 799779
951477 928930
764790 571018
249228 659023
627699 608455
510364 512079
141717 592546
83833 700643
388552 965564
93270 432588
447318 447451
151887 518520
861144 288675
44408 39479
113026 593028
611628 141527
118798 423871
266030 713799
213981 465736
810827 982105
768512 596398
33317 421223
711081 936934
880646 681193
169303 128127
648603 640745
572892 204473
495069 601148
495971 395879
397280 322261
901800 727101
667845 135750
300411 693018
835992 985695
922985 211871
459077 824992
957670 835476
797449 153558
40103 828145
555186 21270
367045 965980
48889 621845
361190 779400
417762 812856
361493 946125
492735 249614
9321 166382
659236 2711
691223 314971
479345 603366
281810 893586
549391 348436
879368 283110
987272 956337
940417 595404
435336 472640
731767 201696
449070 20813
717262 298281
525276 108482
557608 260931
533488 91047
128835 729702
839773 50007
896716 858403
366252 868630
958009 579885
462448 304379
50390 252795
519174 584561
478315 983625
194919 326861
48297 878373
619005 723405
83842 551537
788256 195117
738375 931424
223601 546269
861706 165300
743272 507231
919588 370160
151194 735630
370224 219861
492049 610048
468463 415973
800789 61772
481893 847668
873149 647050
234182 952392
258129 39055
370758 503999
587400 696171
75456 753845
598849 442218
292010 484116
721422 349080
504166 888652
840167 927485
884758 727817
995770 505767
987469 175235
926641 404177
297629 512676
830174 353429
235378 447348
236250 884564
857052 123272
390556 53525
235698 985774
61424 504121
175400 55280
124061 286330
3934 780193
880844 946165
757137 647876
843799 783689
462877 786141
863483 378890
33027 808018
746897 781978
439967 103777
722647 650151
612077 850334
384391 621675
142543 554571
103752 997079
600725 325958
293770 460989
506579 680269
985801 517729
451274 940718
302648 44718
903163 331943
599299 704007
504961 837911
912418 249947
336009 872421
928373 389737
248500 426838
982342 286636
9947 662808
293770 160596
790230 536767
816949 814461
186912 862527
483608 714370
607946 246056
577077 281957
525896 930866
228357 869553
197093 695826
600638 176973
389147 156765
14876 356300
771548 377560
238869 633793
443290 555777
769475 601369
639844 853314
388671 399553
457987 405319
314001 308785
379981 438120
326935 276988
688406 333477
941741 895576
789103 665741
886132 171748
478360 543525
283107 278075
278934 398851
488158 789145
618738 602747
537666 264024
28077 628272
871368 952677
612485 760024
574567 649943
780663 105614
145767 554462
757463 603658
43452 864508
184998 477334
581489 190463
58956 696847
873012 806746
320942 194822
47793 626139
597036 742041
12785 257020
460128 407282
281553 888380
26776 205313
233404 347059
378250 990358
382258 122280
653620 53055
471941 889862
791525 544346
527522 645571
630248 37106
613862 468181
571383 678787
510682 767385
999411 64895
327375 981762
554650 761294
918759 471368
342288 906180
535646 383603
625582 987008
90645 319824
266601 755186
928922 514703
99308 851408
403875 775984
237130 748114
63848 871815
298028 297539
786490 138126
992307 880231
503596 45418
25144 552084
621608 262462
636612 726568
377918 35298
46456 445282
385569 572664
274392 41380
747800 568283
287150 665722
766933 747807
116087 34443
922456 732414
350411 441893
922911 179355
430015 161600
665758 946806
918682 648664
344038 572131
416309 168626
873702 310029
648485 149251
427797 510442
650394 490833
351070 15433
726156 623888
797917 414144
133289 442789
727607 840533
373912 879744
276749 449166
683170 157660
819126 890751
237476 283111
673599 371379
33663 154390
75830 168381
54982 449870
396608 730484
57010 943448
713536 100390
527495 994160
211901 97010
543684 95182
933938 724587
110303 711992
187947 166680
565012 545527
558936 744804
84122 872394
99010 829369
304889 513932
313025 249806
501805 292544
304235 770817
166548 883120
456493 702053
568065 982754
828294 965809
570991 21651
440408 648830
207187 609524
23678 114461
42402 409295
157806 93645
876902 119359
613187 540639
575504 827344
247072 8800
894310 974232
287992 633229
785073 652072
217790 494959
597865 197617
602108 304371
785760 501586
413165 602641
538287 654849
46852 649133
448476 61486
845114 883659
486641 515984
908017 982462
601980 706145
144084 871149
67994 708635
258850 988779
428559 213674
751321 679583
901589 466108
530057 221146
869960 233935
502348 768878
309538 192627
1497 935612
386020 622693
169534 569730
968899 550118
661213 575564
41557 971128
495859 800928
221457 155418
841718 540977
119647 555680
46623 600797
143946 154271
295040 276228
627395 868570
264500 971432
376039 364388
392806 678420
147875 676749
829622 436396
318876 617275
556074 736068
549556 989080
556511 248769
510824 777583
325009 29792
739171 755952
601745 176029
666099 692511
268300 952934
74733 77976
277227 516530
487528 45855
826749 970432
330969 168656
75903 569451
176606 306181
12361 305321
68213 299796
670990 605453
727770 835081
628453 173777
900634 930936
81052 653067
488233 2317
353548 404947
60919 380573
945214 813389
13326 593030
230813 603589
597701 304179
200847 866459
840995 872330
500461 406578
413807 541114
151388 953922
702315 233862
119518 833513
555048 693392
926023 797860
614940 605257
333625 699988
446107 655558
820476 778849
478810 168497
183493 905356
507009 950069
614385 377694
466388 504868
940315 655516
821142 77278
290484 655185
79907 262405
256706 952161
847473 298111
469334 964664
130070 274658
786660 99165
890680 738010
763801 506551
308619 423203
748741 690382
259487 307491
89238 194803
81432 868217
890686 922234
486266 940044
138442 64384
813684 327483
350632 416520
405135 53049
163913 480746
787233 712703
85542 348155
517597 878857
877178 295394
718254 801703
455856 767660
455412 190723
723661 493070
247505 249511
607425 777640
258952 402165
250711 662579
787861 936105
167555 556666
121236 830109
739926 646946
547579 276753
989180 541851
435553 974376
297426 935049
666456 515431
627724 597265
666471 471017
386806 270859
500908 878046
276791 12858
978946 211615
370957 23426
488162 625351
473221 795507
158580 787679
397219 37347
220243 908217
251475 950062
716804 303153
122181 839022
626831 949131
259742 379653
518036 316041
192444 6231
258478 570596
791601 21693
505266 961245
383834 719010
230983 470279
211753 609214
262038 337355
519499 501191
686443 250895
687352 701320
382990 84278
433479 169696
349587 62867
505133 627291
475739 593696
397937 622342
85564 539395
129874 79511
568517 394176
793654 344397
5213 133394
863403 699950
873464 368071
298163 522875
315153 78669
800401 317325
98594 479536
90389 917595
812241 892412
917070 319193
230070 349315
396045 204401
362478 510220
996122 700669
797283 868368
714896 921969
262838 110886
964279 352538
165783 605753
108280 930479
351203 521317
319901 525311
94629 655410
523091 209274
640488 549439
112591 907188
670585 29942
722068 682836
390677 479153
102915 505084
228925 169448
901585 180214
221749 925750
855360 200051
918157 305197
777043 377715
532246 559110
578763 967823
663270 304961
97817 997306
1605 483413
661875 824827
27345 466895
460047 840402
781533 479098
36470 586665
835848 786101
167204 425258
601594 190254
351089 777639
676940 488370
947935 137181
832103 361441
116406 448700
569339 576863
783970 69249
307070 452254
934017 879208
771688 890167
35979 929280
716754 394592
788400 906929
926323 157407
319193 883838
761058 738063
807259 777324
215836 937086
338725 222205
564527 60217
545916 844051
285996 824551
276415 119146
140113 974923
391789 900095
202958 405374
810241 21158
370198 55456
871046 12063
107818 383928
845741 560050
237996 836269
367648 569238
654890 622468
429586 109404
87042 798079
211224 129534
290954 885437
214785 421931
2259 412589
118645 32998
140291 744712
980963 733280
598980 15
328839 342108
340051 98041
532999 666701
628438 317928
19446 882447
675264 205382
331030 772585
220896 651598
963038 630523
438640 926648
160842 934537
66510 886575
136556 690964
256023 425601
408333 532856
86106 522131
183378 52176
163875 731438
180580 912543
844305 184012
676620 203373
238537 342070
362903 577263
639382 276016
377263 942577
911116 556657
240225 993448
715145 649980
464173 94047
606302 151976
57590 324565
183409 839578
238260 230611
164131 532596
392107 966113
975174 948770
212801 552668
195924 805018
557615 477727
800588 58516
844156 498188
294959 301019
21920 583801
64736 717025
970116 146324
623422 173069
457279 852704
769512 645701
573189 305489
843742 221701
240081 575748
721514 416750
715942 823738
195911 681451
851047 497833
914717 342251
319979 270921
903015 33273
849054 409280
754332 344347
122535 192764
53683 936347
412796 390961
124613 898110
22836 699939
712153 984346
671814 474610
771745 659309
832846 171635
206000 387370
661853 70350
822051 135589
821080 931462
560521 159984
97670 909274
72564 120959
51965 490173
674580 132959
749694 610390
966202 317920
956816 984354
863586 55542
173744 415385
659311 683100
649409 298768
773337 81975
183975 792417
222674 478590
367654 503974
582717 817155
938370 296734
60238 83630
769531 457150
227882 828834
762185 186377
993290 937133
295930 527308
63107 958108
671050 468808
314076 214274
27605 733904
130445 535525
929259 225311
22950 361651
798957 381078
346707 986665
266659 801304
712446 894675
83163 545794
120137 19708
773399 76568
937933 347365
794965 687346
226776 438844
811669 353934
561325 644802
345340 38068
251145 660153
143753 438613
394011 233022
947034 294367
598020 749697
987030 849205
76962 693783
941938 257911
820829 861188
438481 929645
885426 778092
318480 863498
842174 499401
554574 851235
521970 370727
2897 266956
427477 708138
966033 813810
129842 492462
571755 87452
659654 588220
507737 622394
918655 453704
91070 792166
705645 948834
299900 761197
262301 47804
387647 106505
548517 915015
559655 115416
794184 446229
399536 685083
698787 715306
323640 194039
626085 640921
355785 205946
322528 993237
340286 770867
163307 261043
583060 959501
455608 568765
973527 635804
848076 154266
940274 80950
757664 747901
668778 443560
114375 506286
983844 348260
58636 675882
493335 872777
672000 625168
9849 133097
921158 197411
20720 581608
995041 104070
221374 418019
13109 968647
755425 712151
591870 143114
39719 749281
798073 784675
361928 333375
96149 869855
904114 123381
819353 267758
971184 698095
710752 611563
143144 72018
356216 398415
698768 932187
852160 981405
91214 918847
201259 867630
382033 72680
702525 456378
743511 374853
548628 712679
89447 891421
296885 441566
371141 807738
250149 228867
201177 985388
763448 195992
997035 452612
278051 904120
959388 757661
169337 785546
411540 441335
554558 925021
67447 308706
236659 949391
573564 136886
637073 968436
980263 219486
443027 260229
788032 697050
537638 529791
631251 744049
448244 1065
333341 497988
424876 265460
818588 474826
257187 680599
460683 348484
907004 206256
177201 559091
476860 622195
50967 238014
24069 24717
714667 815269
